meshfile = txonigiri.ply
modelcfg = yolo-pose.cfg
weightfile = modelv9.weights
gpus = 0
fx = 381.927
cx = 316.780
fy = 381.174
cy = 245.589
k1 = -0.05308527499437332
k2 = 0.0623767115175724
p1 = 0.00012581577175296843
p2 = -0.00015484892355743796
k3 = -0.019503571093082428
width = 640
height = 480
classes = 1
conf = 0.2
dd = 0.005
nms = 0.8
use_dd = False
use_nms = True
use_pixelD = True
use_pnpG = False
